1569280526951022599
1568284878013071366
1568205026585378816
1568189444892823552
1568177570599866369
1568126640412323840
1567959015539507202
1567945057998872577
1567938174487302144
1567932131565006850
1569368058892025856
1569368058539687936
1569368057168166913
1569368056962613251
1569368051019304961
1569368046296526848
1569368041594699779
1569368037819817986
1569368034040758272
1569368029502517248
1569373312819798017
1569373309640515584
1569373307849551874
1569373307392106499
1569373303042883586
1569373299054100481
1569373291001053184
1569373289658859525
1569373284894130176
1569373268544737280
1569373447721029642
1569373425688543232
1569373412296134658
1569373335796187136
1569373301029437442
1569373251721371648
1569373238131826688
1569373230229762048
1569373226421321729
1569373433875808261
1569374275580338176
1569374240633401345
1569374240490803200
1569374217376006144
1569374167094677511
1569374155086401536
1569374146706157569
1569374141580726273
1569374064854310912
1569374053953335296
1569374648521064448
1569374641948598277
1569374634436599808
1569374588425084929
1569374561115996160
1569374485266186240
1569374478605647873
1569374472452571136
1569374460486234113
1569374452353474561
1569375619259187200
1569375592914767873
1569375591123779584
1569375583435620353
1569375561235206145
1569375553941307392
1569375526682529792
1569375467194523649
1569375463373676545
1569375450425692160
1569375772577779713
1569375759839666179
1569375740306784256
1569375726096515072
1569375716189536256
1569375708224552960
1569375701048115201
1569375670513582082
1569375657779679234
1569375647713185793
1569375909488259072
1569375876479074306
1569375865913638912
1569375817247129606
1569375890823577600
1569376186069045248
1569376155295444992
1569376130150584320
1569376116892381185
1569376103877451777
1569376042326065153
1569376020045926403
1569376014677180418
1569375972197076999
1569376092255035392
